2 5 0.0
5 5 0.0
10  5 0.1
15  10  0.2
20  10  0.2
20  15  0.25
25  12  0.27
25  10  0.3
27  25  0.33
28  30  0.35
30  27  0.37
32  30  0.38
34  33  0.40
35  35  0.43
36  38  0.45
38  39  0.5
40  42  0.55
41  45  0.60
42  47  0.61
44  50  0.62
45  55  0.65
47  58  0.66
49  60  0.68
50  65  0.70
55  67  0.72
56  70  0.75
58  75  0.77
60  80  0.80
12  84  0.85
15  90  0.90
18  95  0.93
21  99  0.99
25  33  1.0
27  25  -0.05
29  12  -0.5
35  -4  0.78
40  43  0.75
42  57  0.68
45  58  0.65
48  60  0.34
-3  45  0.36
-15 36  0.84
0 11  0.26
5 27  0.36
10  48  0.76
15  20  0.47
20  38  0.46
23  57  0.38
35  47  0.38
27  67  0.85
